19500	10840,14580,2891,12747,16550,20411,12220,10171,527,11793,19421,20551
29750	
38250	7323,11793,12394,29095,16406,4997,16110,3228,14153,13592,10051,14265
39750	16110,15584,11052,2257,23143,3228,11679,17945,12352,18730
42000	21565,22393,11196,28924,28631,5470,13430,11176,15192,12512
47000	18736,16609,14482,12285,18575,21336,5429,9912,15534,29099,23549
64000	14580,12220,12747,16550,19421,27791,5470,1831,14294,527
65500	7323,527,4078,3723,12352,24601,11679,2771,15315,2739,5443,6152
69500	6096,29203,25086,2198,13020,27791,16100,26608,9471,11573
71250	29203,12394,12688,3228,911,679,16624,11652,6158,22556
82250	10840,14580,12747,19421,2891,10726,16550,2655,2610,2257
83250	17640,21372,12220,14294,29203,15159,26699,4059,22499,14020
139000	14796,14065,12220,27791,14261,11000,29203,13592,6880,2257
140500	18180,7542,27791,23782,14261,3228,16754,21336,13737,12220,14625
145750	17835,29547,12220,3228,23779,17013,7105,2257,16500,14048,24242,3847
154500	20207,25086,15138,3151,25240,12394,22319,14694,20297,10106,10353,18805,5863,8689
154750	17835,29547,3228,12220,23779,17013,7105,2257,16500,14048
190500	25733,2257,18024,2669,1831,25372,27509,14048,11196,11670
200250	6672,3627,2257,24196,2683,25086,3658,14020,13891,4949,12352,9620
203750	4731,27791,10176,14261,679,18024,3720,11080,15138,5429
232000	28463,8792,13494,2319,13554,27927,9486,4571,21533,28065,21865,7868
236000	5267,14020,679,24541,14818,24562,24977,4939,11849,4731
239250	12220,12394,2257,27791,20127,20425,17060,14261,4949,3228,28481
252500	14930,24669,19421,11196,25086,22732,25820,251,27060,4300
266500	21672,6080,2128,11328,26288,15934,5185,9563,28270,4949,10282
267250	2945,14261,12220,22359,24929,16463,476,4949,24385,27791,10690,2367
282500	12168,19993,6080,7868,15584,22393,14796,28410,27791,20425,12055
299750	14580,12747,19421,1547,2891,527,2257,993,9912,19514
309750	26722,2257,15019,12352,24601,12394,14294,14482,16540,11080,15365
317500	12352,21865,22732,11176,28463,2436,527,22359,12410,16939
341000	2683,12168,11052,3228,28410,9838,20425,155,27791,4709
364250	11196,911,16110,12220,23143,12394,24015,4938,17013,7105,11679
371250	21092,17405,14294,2683,11328,18024,14153,25917,6880,1691
380000	12220,16550,14242,3228,20297,4479,21336,4648,28631,22359,14174,22094
382250	12168,25260,2683,11080,16110,3390,4709,15935,2257,14020
393250	3627,29095,8662,12394,11196,8689,16406,11465,21672,14153
405000	251,4731,27791,10176,14261,22547,26464,12674,11080,3720
415500	3627,25086,20207,12168,22319,2683,5863,12394,21336,9242,554
417250	12168,23143,12352,11679,4949,11612,11465,22393,16603,15934,12068
418500	28059,22583,3151,27117,14020,16406,15019,26883,2655,18075,18002
425500	18736,28641,21336,5814,17214,20803,15584,7560,14294,12394
434750	21372,27625,21672,3555,4220,8389,11280,6096,7323,11080,16972,19394,21911,27511,4571
439000	21865,8792,13494,16939,13554,27927,9486,2683,4571,21533,12287,16821,2198,24060,25415,26404,3362,6104,7868
448250	2963,15159,18868,12977,4960,18805,14020,22393,23214,7260,15911
452750	25086,20207,16110,14942,3627,2683,12352,19466,27791,14153,14796
472000	12162,8693,4324,2128,17823,28992,14020,911,20386,6158,23584,25333,3515,6211
528250	16406,2257,29095,3228,16110,15672,11612,19962,12394,12168,155,8693
563500	21865,28463,8792,13494,2319,27927,9486,21533,28065,7737
567250	10840,14580,12747,19421,2891,10726,16550,2610,26722,2257
573000	16406,2257,12977,3458,28626,29202,15534,3228,22126,21110,16653,18868,19615
591750	17945,12352,27791,2257,3627,2198,15019,4949,22393,911
599750	21911,13737,10329,3627,9609,7560,12220,14020,15315,12202,20297,9657
620500	21372,4220,12068,29231,19891,23928,27625,27060,10014,4578
621500	15584,28410,12220,3627,22393,25086,7323,8637,14294,20207,2683,29099
650750	7105,23928,26614,16754,7868,29547,1461,2655,20575,17429
691500	251,2683,9486,1831,19962,22393,9899,3536,7096,4571,22664
711500	24486,11767,12168,25260,3228,11080,16110,2683,2257,14580,11052,17118,26722,4709
725000	8724,4949,12977,16110,11052,3228,27791,12352,25260,20127
731750	17835,12220,3228,23779,17013,7105,2257,16500,14048,3390,11196,15924,7692,9195
745750	11196,11052,911,12394,17013,23143,25260,16110,14580,25372
746000	7868,14261,18730,24385,2683,11080,5845,28059,28333,949,155,21865
747500	10948,4949,27625,15534,29490,19973,13793,22482,21110,18075
764000	16243,9549,1031,554,14580,15534,5896,679,26699,24015
764750	21865,251,13494,5799,4571,14486,8327,527,6672,23774
776750	7323,11052,11196,16406,17013,1293,16550,12394,20300,25260,18388,26699,2963,3228
791500	554,1031,28653,2683,251,201,12352,18712,4949,21796,24831,3627
799000	1831,14182,251,143,23143,10014,15584,22963,22280,6621,27791
805750	11080,3228,11196,14902,11176,4949,22319,18730,16406,647
832250	251,14182,10014,12431,15584,5185,22280,20661,679,7868,22963,27791
835000	21865,8792,13494,16939,13554,2319,9486,7737,4571,21533,11734,14048,16722,19632
847750	21565,7465,2669,11196,11679,18730,20207,12914,7868,3145,28169
848500	17835,1222,26722,16500,2257,12220,16110,5086,15645,2683,7286
854250	21372,2159,21911,4220,15322,27625,19574,527,28463,4949,9881
861250	17405,21092,2683,6880,7680,14153,7620,4443,22889,1691
861750	251,5185,14182,1831,143,15096,12271,20846,23143,8689
887500	10840,14580,12747,19421,2891,10726,16550,2655,2257,7096
887750	2683,9111,11280,27117,15584,8637,13737,24977,27625,28410,15019
892500	25086,23829,11176,10908,22319,11465,12220,28463,6154,11328,17180,23403,239
965500	28653,10329,8693,23475,17232,4324,17823,28992,14020,911
969750	15138,8693,12162,28992,29203,4324,2128,12352,16913,911,17823
980000	11196,7323,16406,11052,17748,16110,17013,15672,1293,911
981000	14902,10840,3627,10726,29095,27791,11465,14265,1228,22889,11176,12394,27160
984500	7323,11793,29095,14902,16110,16406,21672,11196,11176,8719,2513
1025250	4078,4731,25372,1831,679,7868,14020,2826,15138,3937,13247
1046250	8724,4949,16110,1831,11052,14182,12977,25260,12175,251,27791
1047000	17405,21092,14294,2683,7680,11328,18024,25917,14153,7620
1063000	18868,23013,7071,13737,26655,23779,20484,12512,28270,23774,22280,28481
1074500	16110,4366,1222,251,5957,3720,21657,11080,5285,504,16602,9567
1074750	10840,19421,2891,10726,2655,26722,2610,7096,20411,11793,10171,11080,11904,12747,3699,527
1086750	21865,28463,8792,13494,16939,2319,13554,27927,9486,4571,1084,18977,7868
1104500	21092,1962,14182,7620,11465,7680,1547,3458,504,6331
1110750	15138,14020,27791,4220,18024,4938,8637,7868,5661,5131,12426,20578
1114000	504,20127,27638,27625,14451,6571,12606,10176,14261,16754
1118250	2683,7868,17640,22393,22583,12394,8662,2898,12285,8637,24306,26665,8278
1140750	16939,11196,9486,2683,7105,21533,4571,28065,24196,21672,12541,22313
1148000	6672,12394,8689,21336,16754,1037,27791,8637,18024,15096
1165500	15019,7465,12647,12068,27791,5429,11080,16944,16624,18990,15423
1173500	4078,12220,911,16429,20180,25372,2257,4949,27060,24929,15661,20037,20143,5848,8049,8257
1181250	12352,25086,12168,12394,4949,25240,3627,251,2683,20831,23284
1189000	12394,29095,8662,11196,8689,14153,16406,11465,21672,21067,16361,23612,27615
1194750	27514,911,12220,26722,239,15661,2367,9486,4691,17676,25366,4059,7400,83
1206500	
1240250	11176,8662,12168,25240,1831,16550,27791,14294,14153,3151,2160
1244250	26722,20154,22319,14020,12329,9609,21110,27791,2257,21336,1691,4324
1247000	10329,7096,13701,18024,4479,28992,27791,18741,18575,5185,25635
1319000	12033,15138,12606,4808,11080,7868,6988,12285,28641,7208
1324500	8792,13494,16939,2319,13554,9486,4571,21533,28065,2683,27927,5336,6305,7868
1338750	17640,14020,24196,22889,10840,953,11176,2198,10014,14294,12586,845
1365000	11080,3228,12220,20297,993,11196,21911,2891,14261,647,13737
1381000	12394,16110,21657,5957,5470,11679,29202,10999,19973,7105,17958
1441500	26614,7868,24385,7706,27791,4731,2655,13020,1461,8637
1446250	10329,21865,22126,24385,14261,12512,8389,11679,2963,26546,7105
1449250	
1459000	14482,24503,27791,17640,6326,21372,7963,3469,11176,15138
1459750	2128,15138,22583,12977,3228,20154,26883,21092,7465,14265
1492500	11196,25086,2683,251,12220,11176,4949,11465,13020,24015
1499750	12394,18180,7542,27791,23782,679,3228,21336,6724,7822
1517000	16818,17438,12285,6672,7560,29547,10584,26871,8689,21672
1525000	17835,29547,12220,23779,17013,16500,14048,3390,11018,949,11196,2257
1528500	12352,554,251,4949,25086,11176,11465,20207,1008,21110,12977,22749,23774,28370,5799
1530250	
1531250	21092,18024,17405,24194,7089,20154,14182,20803,5598,20846,22179
1561250	8724,25086,12977,24601,255,11328,21796,1831,11000,28270
1579250	18024,5598,18805,28641,16406,16420,14294,5652,25079,10532,21160,4953
1617250	5086,16406,7868,11196,4808,3627,647,27117,21865,24015,11951,18002,28463
1620500	6104,25372,18227,18730,14451,15159,21865,2963,18180,23656,23735,5833
1622500	12352,29203,11679,7560,8792,24196,13020,7976,10329,26298,19179,22027,8148
1627000	14020,993,9193,1461,14120,14580,29099,24541,11196,9549
1629250	25733,2669,23928,24669,27625,25687,5086,4078,14294,26288,18024,19891
1641000	
1661750	10726,12220,12747,19421,11176,2257,527,13450,27927,22556
1688750	2128,11196,2683,7465,17835,2257,13737,19668,11679,679,12220
1699500	18180,27791,12394,679,3228,7822,20425,2257,6724,14902,16716,24715
1710500	21865,28463,8792,13494,16939,2319,13554,27927,9486,4571,14780
1724000	7323,28463,16406,527,4078,3308,24601,3723,11679,15315
1724250	7323,16406,16110,1293,17013,911,23143,14580,11018,25372,15269,23198,3228
1727500	11652,28177,11052,16110,11196,16406,17013,17748,1293,2257,4452,7812
1758250	1831,14182,251,22950,21659,23143,679,10014,143,11201,28463
1767500	6080,12055,20143,4078,17400,12220,24034,22280,1335,23013,20180,27977
1782250	17405,21092,11328,14294,7680,7620,6880,1547,11196,2683,155,18024
1792000	21565,10840,4949,8689,14153,11196,22393,5443,21110,6880,6203
1793250	28017,17606,2683,29203,15138,14930,14294,11573,29547,21110,2033
1806750	2655,251,3720,14482,679,1237,2257,14261,4571,22359,26394
1812000	17835,29547,12220,17013,23779,2257,16500,24601,3390,11018,11196
1815750	2198,12287,16821,21841,26404,7868,7173,22027,3362,10714
1832000	21865,28463,13494,25372,16939,13554,9486,2683,4571,21533,25687
1838000	8693,12162,17823,4324,28992,2128,14020,911,26699,16939
1838750	4808,414,4775,12541,8257,2826,29203,9563,15138,18275,16818
1855750	29547,11196,23779,2367,16110,3228,21067,14580,14182,11679
1904750	11793,21979,13070,12394,26464,8719,13592,18730,21336,28653
1906000	12168,26754,20425,28410,14294,11465,22393,11080,2257,155,12220,2438,2683,9532
1909250	6571,14261,2257,21336,4731,4220,14266,7061,10893,993,10014,14209,20516,23470,24645,504,6326
1911500	7323,14902,11679,11052,13020,6158,12352,25260,20207,2683
1934750	17405,20154,22393,7680,21092,6880,7620,13390,12220,25596
1953250	11767,12168,14580,22393,9838,4709,12220,15935,1831,3390,12394,14020,25289,2610,3658
1966250	8724,14580,29084,12352,11080,28177,13020,19835,4709,1831,25260,3228
1969000	2128,11196,2683,7465,17835,2257,13737,12394,19668,11679,12220,18002
1971500	2610,679,949,11196,2898,13776,12394,6918,14261,5043,25329,7096
1985250	12168,15584,22393,14294,8637,11465,17405,20425,11080,1547
2006000	12220,2257,20127,28899,4731,3228,11196,22029,27791,14451
2033500	554,20207,2683,1031,25086,201,251,21796,8662,11612,11176,11465,3627,4949,8689
2050000	1831,251,14182,23143,10014,18805,15584,23782,22280,5185,26866
2076000	11196,24060,27961,2198,12287,23103,22852,15022,11790,414,24886
2078000	16406,17640,4949,11176,11196,12220,1831,14796,21672,29203,14902,17449
2088000	4731,5403,26754,18024,24194,251,28270,13737,1831,18741,10949,2198
2103250	27791,14261,12220,16550,3228,14294,27625,11080,11328,16754,12394,7567
2132250	27791,18075,9948,12394,8689,9563,9985,15159,2683,16818
2138750	15672,12168,15269,8689,251,25372,1831,22319,14482,12977
2148250	2683,22583,17640,2898,12394,18196,12285,6918,6352,8278
2168250	21865,28463,8792,16939,2319,13554,27927,9486,4571,21533,13494,7868
2182750	8724,20207,12168,3151,25240,12352,25086,2683,3627,12394,19643
2187500	15584,5267,8693,11176,17823,28992,9549,16110,2323,1773,23628,27394,6158
2198750	2128,7465,3228,2683,5470,27625,4220,25372,12977,14261,13054
2200750	251,3720,10151,5429,15138,14261,18024,18292,679,12352,12674,18741,24506
2232500	16110,1222,7105,29203,12220,4731,21657,1831,21067,22359,679
2251750	11679,5403,2198,8689,9072,9912,15446,11196,4949,16540,23549
2253250	11793,12220,17013,23779,29095,3228,7105,13592,11176,8719
2316250	14796,11196,4080,12220,27791,12394,11000,911,15534,7868,26288,9657,9688
2322750	7680,18990,19615,22126,7105,11080,21110,29547,7552,12606
2331750	27155,28463,20300,527,2683,8996,21533,11052,2899,16939,22126,7179,953
2350750	11196,6331,13672,29547,20484,22280,5334,18196,24194,5185
2364500	7868,16406,15934,8689,12352,5086,24601,14902,24669,3720,21865
2378500	911,12220,11196,2257,17060,10268,4949,10893,7105,27791,18937,23774,3228
2386250	2683,15811,8313,28410,15584,15019,21336,3228,28270,22319,1008,7061,948
2428500	7868,18196,9549,12754,28621,14294,22126,7105,4949,11328
2448250	6096,11196,7868,18805,4949,28710,2257,3720,9912,11776
2476250	17405,21092,14294,8689,7680,18024,2683,14153,7620,12168
2480750	14182,3228,12220,15446,21092,7620,25372,29547,10106,16550
2492500	15811,6203,3384,13390,5814,12307,17214,3458,15390,10058,19005,20979
2557000	21911,911,27625,11280,15322,16463,26288,6352,19574,19973
2616250	
2626250	21865,28463,13494,16939,9486,26523,2683,7105,28065,21533
2676250	2683,26728,23214,12512,22126,23482,15383,8662,7868,24977
2688750	14930,18575,11328,21110,1031,15192,3720,29547,11573,21865
2704750	8313,11196,26722,14020,28463,599,13737,12352,20595,4571,3658,5764
2733500	20127,15584,25372,23143,11679,1831,21110,27791,13084,22280
2737250	11196,17013,23143,21110,911,12394,25372,14580,5185,17060
2752000	11196,12394,25240,12220,15631,24015,27407,14294,13354,9912,12243,22179,3032
2756000	21110,23781,5799,21336,7061,17214,953,23928,12220,2128
2768250	14261,12220,12431,8625,16550,13737,25372,6096,13020,14580
2771250	11767,12168,11052,25260,11080,14580,9838,29084,19835,23407,12606,14694,2513
2788750	12394,8662,11196,10840,29095,1831,14153,4938,16110,29203
2797750	15019,27625,11280,26754,12394,25240,3627,4571,647,15934,28270
2807500	15019,27791,11670,14242,14020,251,25086,239,10948,4731,1010,1015,12688,27117,3817
2808500	12220,16550,3228,17060,1831,10893,27625,14261,20127,14294
2823250	11000,10404,27191,12168,3658,3324,4479,12394,26722,19421
2852250	16110,21657,1222,5957,5470,11679,10999,19394,7105,504
2870250	22393,15138,27191,10404,12352,29203,18730,22499,24196,13020,14020,17606,4003
2874500	21865,11176,28463,22889,13494,16939,13450,9486,23338,2683,10840,7868
2882750	2683,15019,21067,11465,17748,7827,19421,1666,24869,13737,29225,4452
2891500	12977,16110,27791,28017,12352,25260,3228,11196,21672,11573,2257,255,3627,4949,8027,819,8724
2910750	504,15811,3228,11196,10014,12588,27406,4949,12977,25372
2920750	10584,2128,953,1222,476,22732,26754,2963,7173,22168,22359,23407
2921750	1831,22950,23143,10014,14796,22963,27508,5185,21140,20648,143,27791
2940000	3228,4709,2610,12747,19421,16603,22094,22393,3658,15138,11767,12168,12220,24486,25086,25260,26722,2683
2968250	12394,18180,7542,2683,3228,21336,679,25086,4078,10106
2975500	24196,19962,28463,21565,9486,15138,17060,13494,21983,29099,14902,16406,19745,5086
2988000	19615,14887,18730,13793,24898,27458,18075,24922,7620,1010,15828,22482
3001000	
3009000	2683,2257,29547,14294,14930,11573,14020,4949,21110,25086,22393,27117,5627,8724
3010000	12220,4571,3555,17640,11679,1831,29203,21372,14294,19668,13975
3014750	8792,28463,13494,16939,2319,4571,27927,9486,21533,28065,7868
3031750	5086,14902,15934,29095,16500,25260,15138,17748,12394,11679,11263,16110,18131,21565,7323
3035250	17606,27092,29203,15138,22393,14580,12747,25733,13020,18730,11080
3054250	12352,11465,4949,11176,27205,8689,22393,16110,12220,679
3075000	3627,20180,12394,17453,13450,15138,29547,19973,11176,21110
3089500	26754,19974,3032,7061,12220,11849,3228,10893,28653,2826
3096750	4731,251,22359,20300,13020,3740,8024,11176,21110,11201
3114000	20154,17405,7620,7680,6880,3627,18024,22393,1547,2683,20536,23928
3148500	554,20207,2683,25086,1031,12352,4949,11176,251,16110,12795,14894,16217,27346
3149000	554,3627,11196,11080,7868,13087,2891,251,993,14153,9486,9804
3168000	241,21565,20207,2368,10788,13390,12352,28710,25086,18024
3188000	26722,18075,11196,27509,17748,4709,9193,18805,26523,28184,9567
3211250	22359,16406,11052,23407,12394,2257,11679,16550,18730,14265,11076,12431,17706,27155,6148
3215500	2128,3228,14887,12394,9486,29099,9111,21844,21110,1415
3216500	8693,12162,4324,17823,10240,911,14020,2128,20386,18227
3226500	1831,19974,12220,14261,251,7560,9848,16550,27625,14294
3245250	8724,14902,11612,14161,4949,29095,11052,12977,1222,16110
3249250	21865,18730,8792,13494,16939,19539,9486,7105,7737,28065,2513
3257000	14796,21865,28463,8327,14261,16939,29203,1831,21140,10193
3266750	2683,2128,3145,911,11679,14265,15934,10268,21672,16550
3272000	26754,13020,2655,1392,11176,7868,19973,21899,24869,14261
3282250	7323,28463,527,4078,3308,3723,12352,11679,8662,15315,11857
3288250	25415,11196,11679,2257,12287,6158,21841,16821,3228,26404,5592
3288750	16550,12394,28466,22583,4571,12220,19574,9486,23928,18075
3293750	12977,21336,9912,22179,4324,27791,22319,23338,4078,28992,25193,26523
3295250	
3304500	10404,27191,5403,14020,20297,12220,2198,599,12394,15138,13554,17228,17512,18086,22269,24461,25169,29099,3592,3804,4931
3310750	20207,12394,251,2683,3151,25240,12352,21796,8662,18805,15432
3312500	2683,8689,11280,8719,1831,13592,18730,28270,27407,2410
3317500	7400,24503,24929,3590,10948,949,13592,22359,26728,15534,3032
3326250	10329,28391,21715,26860,26378,21110,27791,14580,7105,23793,9479
3335000	5336,15019,16110,6104,7868,14261,11196,27927,27511,2945
3344750	2683,11679,11857,4078,3308,24601,1831,10680,12352,18180,17748,18290,28463,3313,5310,7542
3350250	2128,7465,2683,12285,14294,5814,11196,21336,4078,15934,1672,18736,24765,25420,3384
3363000	554,28059,4949,12352,201,251,25086,15405,8689,19962
3396250	28059,22583,27117,14020,16406,26883,15019,18075,22499,2655
3404000	20207,2683,25086,1031,12352,4949,11176,201,251,16110,18273,22246,29,3627,6246,8446,905
3405000	13430,7868,25372,14261,13672,28410,13592,14020,8327,679
3410000	3228,2963,10240,4078,11176,5598,8693,24196,12394,25372
3511000	17606,22393,15138,18730,12352,2963,4731,993,8689,8313,14020
3520000	15138,29203,22393,22499,1831,23782,10014,18730,18075,3151,14415,1700,23928
3524750	14020,12220,10404,11679,6988,949,26288,27092,8028,11849,26871
3549000	16110,24628,21657,1222,5470,11679,679,19394,7105,2655
3552000	
3573750	2128,7465,2683,11679,5470,18002,25372,10680,8689,5598
3581250	6203,19962,16653,11329,10893,7071,12754,9620,10584,15934,22126,23482
3588500	12394,3228,23143,14482,1481,20661,4078,20425,2257,13737,21336,530
3590000	16110,18730,8689,19962,28631,23623,9985,10584,20154,13390
3592750	5336,21865,28463,13494,16939,9486,2319,11543,8327,22393,14694
3625250	3555,20154,4571,17405,16609,7542,7620,14294,14482,11328,26614,5625
3644250	21865,28463,8792,13494,16939,13554,27927,2683,9486,21533,16406,18843,29473,4381,4775,7127
3661500	15138,28382,12220,21865,16463,2367,2655,26619,27791,554
3675000	7868,25733,15761,27135,9471,16550,12220,23076,9472,8689,1565
3684750	18180,7542,27791,20127,12394,23782,3228,14451,679,21336,16754
3719250	14580,1758,18024,12747,26288,16406,2257,10171,527,13103,4960
3723750	18024,251,24194,25424,18805,23284,22179,12220,29099,11080,12271,4078
3734250	1392,3228,15138,569,21672,29099,29547,20297,7868,10014
3742000	13494,16939,28463,23928,2683,9486,28065,7105,21672,11524,26168
3751500	23143,26754,11679,14265,2198,22359,11080,12352,6571,28410
3781500	12220,12068,14020,28710,24541,3228,11679,251,14887,11196
3787750	10404,27191,12168,3658,19421,12220,8313,26722,12394,20846,2610,26969
3795000	6672,3627,14942,15639,24196,4949,14020,8637,9620,17945,29099
3799500	2683,26722,2257,4571,12220,11080,12394,19962,17641,7868,21768
3846250	2683,26754,8637,27791,11080,12162,20425,24601,1831,22393,11882,23143
3849750	17640,18624,6158,2568,28621,3390,4366,7868,26341,24180
3861500	21865,28463,8792,13494,16939,2319,13554,27927,9486,4571,20470,7868
3892750	28059,22583,27117,3151,14020,16406,26883,15019,18075,22499
3895750	26722,21110,10948,22482,22029,1010,15138,476,14360,12220
3903500	24942,22583,28059,20846,22280,16406,14020,6331,26464,3151,1392
3913250	3151,22319,18805,25240,25086,6672,15138,11328,24669,15534,8409,8689,9230,9242,9948
3952000	7465,2683,12394,11679,13737,2257,5598,21672,5086,22583
3954500	23143,26754,22317,11201,4254,8637,11679,11080,27791,143,15584
3963750	29095,12394,3627,8662,11196,16406,11465,8689,14153,10726,11330,13737,3809,4949
3977750	3228,11196,25372,8719,7105,19673,569,14020,9549,6929
3981750	14182,12394,251,15584,10014,20425,14266,29547,13592,8842,27791,6520
4004500	19993,12168,26754,28410,8637,11465,15018,20425,11080,11196,19686
4025000	2128,7465,2683,11679,10680,19668,5598,2257,5086,29203
4035250	28653,20297,11196,15645,9111,11396,3228,10970,22393,15192
4037500	16609,24503,11080,21372,7542,18180,29099,9563,11176,21110
4047000	14261,16110,16463,11080,7868,16406,12674,21067,10151,10999,29446
4054000	6672,14914,12352,6203,2655,12747,15639,10329,7096,2898,11304,24088,9090
4059500	21865,8792,28463,13494,16939,9486,27927,13554,2683,21533,16463
4063000	17835,12220,6080,29547,3228,23779,17013,2257,7105,15645,19974
4073250	14261,1831,11682,12394,4078,13494,6539,21706,25372,3719,27415
4087750	1831,14182,22950,23143,21659,679,10014,143,11201,14796
4097500	6096,21672,554,3627,24869,18024,7868,4949,11679,8637
4102750	20979,27117,9472,1428,23214,23482,29203,12512,14818,6880,20585
4115500	12394,12220,17945,3740,15138,21110,3720,29203,13592,3458,6731
4118250	11328,1758,27791,4078,155,18024,3034,23779,21110,28967
4133750	2257,12220,4949,21092,3228,17060,11196,14482,15934,7105,14451,25372,27638
4153000	14580,12747,7096,19421,12220,2610,527,14020,2257,10171,21865
4184250	2128,29203,15138,2683,12352,11679,5598,10680,5086,22583,11196,14020,23928,241,4949
4186500	29547,16110,14261,2367,23779,21067,14182,11080,11679,14294
4189500	25329,8313,13701,13554,4479,21336,12394,12220,7061,7868
4193750	26972,290,24669,6331,16624,4949,7356,12394,414,21930
4195500	3627,7868,6246,8689,15631,647,679,949,1031,2257,20456,7737
4215750	21372,3555,21911,7323,22280,8719,27625,15322,28410,16463,23928
4256000	1831,14182,251,23143,143,15584,6621,22280,7868,23475
4256500	23013,23928,2898,25917,25733,20484,12606,11176,27791,13592,2410
4257000	3627,12394,11280,29095,10840,14153,8689,26972,8662,10726,27625
4259500	12394,14902,8662,3627,10840,29095,8689,14153,10726,16624,15315,29099
4304250	14796,21865,12220,16939,27791,2683,29203,10193,21140,22359,7868
4317250	2683,9242,12352,7620,10136,11679,12606,8689,21672,5086,22029
4336750	11679,22583,679,4949,2257,251,14261,3720,2655,24196
4370750	3228,11196,7827,24869,29099,11080,26699,11201,10584,2367,1666
4376250	3627,25086,20207,12168,3151,25240,11465,12394,2683,12352,15631,21225,27407,8689
4378500	16110,11679,16540,15315,26722,143,15534,20803,14020,2739,16100
4392000	17606,10404,29203,15138,23612,27191,12352,22499,251,19421
4399750	17706,647,10532,27791,12055,28463,14580,18712,24977,11080,23207
4421250	11679,11052,3228,16406,13020,3627,11196,25260,18730,10872
4423500	22359,23407,11176,2683,14153,14887,21862,29547,4949,911,24193,4147
4447000	554,11176,4949,11465,13494,16939,21865,8689,2683,12220
4454500	28059,26754,22583,24977,22499,1037,26883,16939,29203,15934,15019,27117
4475750	20207,12352,25086,12168,7620,11465,2683,1962,27407,993,13592,3719
4501000	
4503500	14020,11080,2249,679,8662,18180,6148,18353,1010,8637,24193
4533750	17405,21092,18024,14294,11328,7680,4443,14153,10948,2683,4324
4547500	12541,7323,21865,13494,12453,15831,19421,25086,14661,15018
4557250	17640,16653,16406,21865,7071,12977,29202,5470,9486,23214
4606000	21092,17405,7680,11328,3458,2683,7620,1547,20154,18024
4620000	14294,21092,17405,14182,7680,1547,7620,22749,11196,2683
4625750	22484,29203,143,11052,10726,1712,4709,12512,6203,12394,22321,26000
4631250	28177,911,2683,17748,7323,12394,18290,11196,15639,5443
4658500	17405,21092,22393,14294,6880,11328,1962,10106,14265,7680,10948,17453,25917,27625
4680000	4949,14261,2257,251,679,21632,17060,4571,14482,10893
4712250	2257,8693,25372,1831,20425,28992,12220,4324,2128,22359,20902
4716750	15584,12168,12220,22393,14294,8637,11080,21092,17405,20425,2683,29202
4770500	29203,12352,8389,18730,22583,5086,22393,4220,13020,21672,10404,6988,9165
4782250	1831,12220,14261,29203,22359,6880,7868,2257,911,22583,10778,9658
4804500	15672,14914,3627,6203,2683,28463,7868,4172,5470,22393
4809000	14020,24196,17087,7868,18741,25372,27791,28059,13975,554
4809750	12394,14796,12220,27791,13737,14261,29203,11000,911,4078
4814750	21865,28463,8792,13494,16939,2319,13554,27927,9486,4571
4844000	2128,2683,11679,4220,2257,22583,16550,20207,18730,10680,12899,15934,24196
4850000	21672,18730,6080,6096,9838,9486,10840,29231,6880,15934
4852000	21865,8792,28463,13494,16939,9486,2319,13554,27927,4571
4852500	11652,12068,11679,3228,16913,3145,28453,9340,14194,679,11665,16500,24541,26288,911
4853750	12394,21110,22393,1547,28653,8637,24196,16550,143,7868
4876750	11196,14580,17945,14294,4949,5470,27791,11776,12220,11176,949
4880250	11679,16609,27791,21336,23782,12352,20207,14930,20425,24059
4886500	7868,9549,18196,14294,28621,11176,4949,20411,26318,7105,17640
4895250	911,4949,15019,13737,5574,251,8689,7096,1119,679,15423
4902250	11793,9838,13592,6158,4324,7096,8719,11176,11196,27415,23628
4907500	17835,12220,29547,3228,2257,17013,23779,14294,16500,16406
4921000	12168,3151,22319,18805,9242,25240,12394,25086,10136,15159,23549
4922750	13390,21565,5185,23928,20846,19891,21336,26288,155,3034,18024,2669
4956000	10840,20180,20826,1293,13737,14930,11679,29547,22889,2504
4963500	17405,14294,7680,11328,7620,1547,22889,12220,1691,3458
4967250	21865,28463,13494,16939,2319,239,9486,4571,21533,28065,12431,6101,7868
4994000	22484,25372,21110,28653,12394,8637,24196,3228,251,18741
5011500	17835,3228,29547,15645,27509,2257,16500,11018,949,5185,11196,22280,23013,23779
5012750	4731,29547,16110,2367,3228,290,23779,23143,11679,2257,2208,7963
5024500	7323,16406,16110,911,2683,1293,23143,25372,22393,10268,12977
5027500	4571,4578,14415,11080,23928,25309,9563,4281,27791,2655
5034000	2128,11196,2683,17835,2257,11679,12394,13737,19668,4479,7465
5037000	22727,21865,28463,8792,13494,16939,9486,27927,2683,7737,14796,21140
5052000	21865,28463,8792,13494,16939,2319,4571,27927,9486,7105,7868
5059000	11196,29008,27683,23928,3384,15584,7692,16463,18741,7314,9195
5061750	6672,5336,28463,7868,16243,8637,20297,24942,2610,11679
5068750	
5078750	12220,201,6158,10584,24196,16550,16110,8689,19431,1831,18990,25669
5082500	29547,29203,11196,23779,14261,2367,21067,24385,18730,11080
5082750	21865,28463,8792,13494,16939,2319,4571,27927,9486,7105
5108000	554,25086,4949,12220,11465,11679,12747,993,11328,8662,15094,29203,29547,4254
5110750	12394,25329,8662,11080,4479,19421,29022,10726,18712,10840
5121750	12168,28059,22583,25086,3627,2683,27117,16406,14020,911
5139250	23928,10840,13592,2891,10726,16550,2655,2610,7096,12220,11080
5143250	21092,17405,20154,7620,1547,7680,25917,3458,12606,26288,14482,23549,26394,26614,6287
5155750	25733,16624,25086,5185,4078,14242,4949,21336,2669,251,24669
5170500	28184,29095,11196,11176,24984,15639,14153,27791,251,25260,6096
5187750	10840,14580,12747,19421,10726,2891,16550,2610,2655,2257,1481
5199750	14796,14065,12220,29203,14261,9688,27791,11000,13592,911
5220750	3627,20207,8409,12168,23103,3151,11465,25086,12394,2683,28438,8689
5226250	3627,25086,20207,12168,3151,25240,12394,2683,5863,12352,15907,8689
5226500	28463,8792,13494,16939,16110,27927,2683,2899,9486,7105,3627,7868
5238000	15584,12168,28410,12220,25086,22393,3627,21110,14294,3308,15018,21833,2683
5239500	17405,14294,21092,7680,251,2683,7620,10948,1547,12220,14153
5248750	16406,12977,18730,16110,14294,8689,19962,9985,28631,10584,27035,28924
5254500	21865,28463,8792,13494,16939,2319,13554,27927,9486,4571,7868
5256500	5429,14261,2963,12352,10240,27791,2655,23202,13779,5330,20679,3775,614
5261000	8719,3228,5185,23779,11679,7105,22280,2257,21067,28230,15308,1591,21581
5264500	1222,7465,8313,4220,18002,21657,13737,4938,13888,20661,27791
5279750	7323,11052,16110,16406,17013,25372,20297,1293,12394,2257,20386,2368
5287000	25346,17640,28410,24929,3032,3590,10948,15315,17119,5598
5292000	11196,6331,20484,29547,7105,14261,22280,12220,12394,8662,8643
5293250	14796,29203,14261,27791,1831,11000,13592,6880,949,911,20506,679
5320000	12168,7323,17013,16406,15584,1293,28410,11465,16110,12977
5336750	12220,21672,1831,911,4949,949,26576,24929,12557,4691
5354000	17405,20803,7680,23857,3458,7620,12220,2683,1547,21094,20180
5407750	27092,14580,12747,19421,14294,2891,12394,527,10171,22556,6352
5438000	23143,15584,11679,8689,21336,22319,12352,21865,2963,7070
5440500	10840,14580,12747,19421,2891,10726,16550,2655,26722,2610
5440750	26722,2257,16110,3228,8693,28992,4709,4324,22359,3627,19862,20045
5465250	7868,26754,14020,4078,3720,155,2655,28410,9953,2367
5467250	17405,21092,14294,2683,7680,11328,18024,7620,14153,6880
5491500	14294,2683,7680,11328,25917,14153,7620,1547,22889,3458,18024,25212,9472
5522250	8724,27791,29095,11052,14580,10840,12977,10726,16110,26288
5539250	21865,28463,8792,13494,16939,9486,2319,13554,27927,4571,7868
5608250	17405,21092,14294,2683,7680,11328,18024,7620,14153,13020
5642000	12394,8662,14580,12747,11196,8689,16406,2891,3699,14020,10726
5654000	21372,21911,7323,4578,15322,16463,26699,27511,24907,19973,29231,5896
5655250	17835,29547,12220,25372,11018,3390,24601,11687,949,8676,11196
5693000	4731,10176,14261,679,3720,11080,3740,5429,4938,20658
5697750	2963,789,25086,2945,8637,8689,24541,26722,12977,2655,2367
5726500	17606,29203,2669,18024,12352,15138,18730,22393,679,8313,17244
5735000	21865,28463,8792,13494,16939,13554,27927,9486,4571,21533
5742000	7061,20979,5429,15584,25372,16463,26308,12674,6980,26736,19523,5593
5745000	11767,24486,12168,25260,19835,3228,2683,14580,15935,12220
5751500	2257,16406,24942,12168,16110,8693,21110,15138,12394,19962,14873
5754500	27791,14182,6158,22393,11280,15584,27371,22280,25272,23475,3954,8307
5769750	17438,11679,3627,9486,24929,21838,3590,16110,16550,6672,24503
5780000	21110,2367,26754,22319,12162,29465,26722,14294,6096,398,11022,15315,15811,17061,17214,17959,21336,22313,22529,5814,7061
5812000	15584,12168,28410,12220,22393,8637,21110,15018,20425,14294,19993,2683
5828250	26871,12220,16243,28463,2610,27791,14020,20297,2128,9609
5846250	18180,12394,7542,27791,16754,23782,679,21336,3228,6724,18200,1831
5847500	12394,18180,7542,27791,23782,3228,679,21336,6724,7822
5865750	7323,12068,16406,11052,17748,17013,28899,1293,15672,16110,10268,3228
5898500	24486,12168,11767,25260,11052,3228,11080,16110,2683,14580
5899750	2128,11196,2683,7465,17835,2257,13737,12394,19668,679
5901250	29095,8719,21672,14902,2513,16110,11196,13592,12352,1222,14575
5906250	1831,14182,22393,251,22950,21659,23143,10014,11201,15584
5910250	2367,7105,11679,3627,23656,12352,3926,18275,17060,27791,28525
5911250	6672,3627,24196,2257,2683,25086,251,4949,13891,14020
5915250	7868,8637,2945,25086,8689,11679,679,7105,18805,12977,15138,2367
5948500	18075,3720,21865,16463,155,26619,2367,12220,7680,27791
5952250	18736,27205,28641,21336,20803,7560,8313,5814,2945,14482,5067
5957500	11679,4731,4220,7465,7105,7868,20207,10680,18730,4939,24966
5959000	20207,25086,3627,12168,16624,4949,7868,13737,19421,5598,14153,14242
5962750	12168,26754,22393,20425,28410,14580,19421,12220,11465,2891,16800,27446,5803,9563
5968250	7323,5086,16110,28924,17400,15934,15645,14048,9340,11263,16406
5980500	21336,27791,21092,20411,11080,11524,18515,11176,5094,8816
5987000	24907,15584,6352,16110,12162,26871,2128,21919,21815,10872
5994250	5086,11280,1831,11080,14153,28391,23878,4220,11793,10840
5999000	12977,22664,27791,6331,9912,12431,16550,28992,15831,21146,26523
6003750	21865,28463,13494,16939,2319,13554,9486,4571,21533,28065,15414,23013,7737,8792
6014750	9111,10970,17405,25989,25214,25596,27683,7680,6880,2683
6015000	11793,14580,911,22280,12747,12220,16550,28230,11196,8719
6061250	1222,8662,12220,27791,911,24929,11578,11052,11679,16110,10893,16463,22359
6067750	27060,12586,8173,7173,16110,7868,12512,4411,13450,27625
6099250	12220,2257,20127,4731,4949,23774,3228,17060,8689,11196,11823,13244
6126750	29203,26754,8637,15446,4731,3228,22319,5267,15934,4939,25117
6140500	11196,16463,26114,12220,2367,10404,8193,622,28985,27791
6150750	17823,28992,25193,23556,19796,23284,3720,14020,21146,11080,15831,18185
6155250	22393,27791,679,12352,25733,18730,20180,3828,10329,993,15661,4220,7850
6172000	3228,1831,4775,17706,24869,14020,21067,4452,4078,2033,24704
6205000	9242,14020,15159,10136,7061,15584,16540,23928,27791,17959
6233750	12220,7542,29203,1831,23793,22126,14294,28184,953,366,10584,18180,3458,4220
6234000	21911,2655,27625,15322,26614,19973,6352,3720,24907,27511,17020,18051,21372,4220
6247250	2257,16653,19962,15446,12352,21110,25086,12977,15534,7071,15814
6250250	3740,26722,10872,23556,8389,20297,2826,21865,17706,27155
6257000	18990,4709,15138,15159,11080,12162,6158,12674,3720,23774,23563,23628
6258500	911,4949,24306,679,27791,8689,15478,14294,7868,16944,12068
6264750	21092,17405,3228,14294,2683,11328,10106,14153,18024,7680
6266000	23143,26754,22317,11201,27791,11679,11080,8637,143,12352
6272000	15672,15138,679,9472,1712,11670,7868,2655,15269,27791,12055,17400,2803
6299000	21865,9486,2683,2613,28065,21533,16939,28463,4571,18275
6301250	21865,14930,16939,22889,2257,2683,20207,28065,11029,21110,11543,574,8226,8637
6334000	2683,26722,12352,12394,5254,4571,25488,17706,27791,12220
6354500	911,12068,12220,11196,2683,3228,12168,17013,25086,7868
6358500	18868,6203,20979,23623,17400,18736,7071,19962,20154,3228
6380000	15138,11679,16550,24922,12394,16818,21110,18075,5803,14580,24459
6400000	10329,15138,29099,2655,28435,10151,28463,27791,20300,17748,15258,2452,3313
6412250	3740,20127,8689,11080,18990,4571,14261,27791,10151,26464,7260
6412750	3228,11196,29547,9620,7105,17087,5661,28985,13737,7070
6433000	27791,251,3228,23475,11196,29099,1461,2771,11857,569
6458000	
6458250	18730,28410,11196,8719,7560,25733,20484,360,23779,6331
6458500	2683,18843,26754,12168,15584,22393,14942,12352,25366,20555,8637
6497000	16821,3228,12394,12977,3362,16550,21110,3390,12220,27683,20747
6515500	28435,2683,11679,18180,15584,22244,28463,3308,11176,2771
6523250	12220,29547,3228,17013,2257,23779,16500,25372,3390,24601
6564500	7323,8662,10840,3228,28924,19421,21067,8689,16009,14265,11176,11612,12977,14902,16406,26576
6571000	4389,28017,15584,11573,25372,19632,647,14930,28463,23628,12162,4254,5470
6571750	11080,647,11196,3228,2891,12586,3627,14294,15639,9620,16540,9193
6572500	21865,527,28463,15639,9486,13494,4571,2683,16939,28065
6603750	17405,14294,12285,22393,21092,11328,7680,20803,2683,7620
6619500	554,20207,12352,1031,4949,2683,21092,11176,201,11612
6634500	504,24066,16540,18805,251,9620,13450,4731,17986,14242
6654750	12394,16406,21657,11679,11052,1222,5957,13020,18730,5470
6683250	18736,26288,24503,11263,12285,398,14294,12431,22664,5652
6683750	9472,1428,14020,6331,679,27791,22280,1756,2574,6880,29203
6694750	2033,29203,15138,2963,7096,8313,18196,12674,8327,8630,14020,24196
6700250	12394,3627,8662,29095,26972,14153,11196,8689,11465,10726
6713250	1222,16110,28270,7105,12285,8313,14153,11679,26699,251,1758,18879,2367,24344,27625,5185
6751750	7868,647,20300,15639,29099,27785,12220,6148,27791,3627,16243,3068
6754250	12394,18180,27791,7542,679,11196,12352,11776,3228,251
6766250	1831,14182,251,22950,143,23143,21659,10014,11201,22963,27791,4307
6768000	4808,12352,2513,19974,4078,679,14796,6672,15446,4775
6780500	25372,679,22393,22126,28463,29465,20207,14623,4949,22244,10893
6807250	14930,22583,11573,14020,251,28391,23143,17446,29547,2257,22393
6848000	12168,23143,26754,3228,12352,19962,12394,28924,11080,8637
6848750	20207,25086,12168,3151,25240,23284,12394,2683,5863,9242,21336,8689
6849750	11196,27791,17400,26464,1335,16406,5429,12674,4949,17060,2199,6757
6852750	11176,27205,16624,14020,23793,13737,28184,21067,4220,26614
6867750	29099,7323,8024,4949,911,13793,14261,8662,1015,18024
6872750	16550,12394,12220,14120,27791,20425,6828,21110,18805,26404
6874250	24486,25086,12220,21110,15018,25260,3228,11465,15138,9284,12168,14265,15584,18805,2683,28410,8637
6897000	17405,20620,20154,21110,7465,14182,12220,18024,12541,20846
6900500	27791,11080,21336,11670,17060,7105,8637,7868,11196,26619
6904000	29203,9472,15446,21672,25240,28653,911,16913,1428,15934
6921750	2128,2683,28631,9985,11679,21672,22583,10680,16550,25372,19197
6957500	19962,22393,7071,3458,9471,21110,25770,15159,679,25618,16722,22029
6977000	14020,11080,993,14120,29099,18024,14580,26959,24541,27446
6996000	11196,29547,7105,7868,23861,9912,27927,4220,14048,6929
6998500	9817,554,25086,2683,251,11176,21796,15405,12220,16217,1031
7002750	18180,7542,12394,27791,23782,679,3228,21336,20425,2257,1481
7003500	17835,29547,12220,3228,23779,17013,7105,2257,16500,14048
7016500	17606,29203,22393,15138,11196,27191,22499,2963,12352,18730
7034000	15446,1831,251,143,23143,27371,22963,7868,679,5185
7060500	10014,6571,11196,12747,2891,12220,4731,14580,527,14261
7103000	27092,26754,24977,12747,28270,25117,16550,527,993,1037,15019,5574
7116750	17835,12220,3228,29547,23779,7105,17013,16500,15138,16406,10308,14930
7143250	11201,22317,12220,21919,28065,4078,29084,21336,19421,14415,10702,217,22087,7613
7149500	21092,17640,28059,25029,953,16550,12352,12977,16754,14294
7163250	6096,21672,12220,12168,28653,7323,5863,27791,3228,22732,17748
7184500	2319,13554,27927,9486,28065,2683,7737,7105,21672,9899,10193,28463,7868
7190750	1831,14182,251,143,23143,10014,11280,15584,22963,22280,27791
7211250	13390,21565,5185,28631,21110,14887,18024,7868,20846,4125,23656
7218000	23143,2683,12352,5598,10680,12162,21672,22583,25372,5086,11201,15859,21936,22317
7269250	14182,251,22950,143,13883,21659,679,7868,10014,14796,20578,23295,24571,2729,27791
7269750	15159,1831,3658,24242,14451,28463,3228,22280,599,18024
7286500	16406,15874,12168,23779,22484,15645,21979,8313,15761,290
7306250	14796,21865,27791,2683,29203,14261,21140,13592,1831,911
7320250	3032,4949,7868,26722,4571,993,11176,22505,4499,23662,26728
7322250	12394,8662,16009,13793,15534,5896,22889,25840,13450,12541,23861
7323750	17835,12220,29547,3228,23779,17013,7105,2257,15645,16406
7345250	26722,11328,13390,14887,18523,21392,5185,21110,20846,18024,2750
7361250	11793,18196,2683,15584,911,11176,13592,13450,18730,9912
7367000	2683,15811,8313,17214,10014,27791,1831,6571,24645,22319,15686,21336,21975
7375000	15584,15138,27791,28270,4571,10151,14261,11080,26464,10893,11201
7383000	1831,14182,251,143,23143,23793,10014,22963,15584,22280
7405250	12220,2257,4731,3228,20127,14451,11196,569,17060,6980
7435500	25733,2669,20826,19374,17400,21565,13390,19891,21336,155,27950
7445000	14020,25917,3151,4949,7868,12606,19974,8689,26523,27625,18075
7450000	11679,21865,1222,11682,7105,21067,19973,26288,28463,23896,14261,29202
7476250	26754,21372,3555,7323,10970,4220,11730,6672,15096,4039,1037
7483500	7868,16406,15934,12352,5086,24601,3720,155,1031,14942
7494250	4949,5267,12352,27117,12688,16624,14575,26972,8689,21067
7513250	23013,14020,679,6331,28899,11196,11022,27791,23779,24977
7545250	11196,16110,23143,12220,24015,28435,15639,15584,28463,2367
7568250	949,5470,17748,12220,290,27791,16550,8662,14265,8313
7568750	12394,679,27791,7560,14887,3228,12674,4302,4078,11022
7588000	9111,24831,10970,22484,26464,10810,25214,27683,24196,15019,28653,28975
7600250	12394,3627,29095,26972,16624,8689,11196,14153,10726,1293,3228
7657250	11196,7323,16406,11052,17748,16110,17013,1293,15672,911,29445,7997
7687500	12220,7560,8313,1831,16550,27791,14294,239,14261,9111,14498
7699500	14580,12747,2891,527,28189,21092,20626,10171,14265,647,11793,14182,18730,8719,9802
7703750	21865,16939,20636,28463,24517,7105,21533,14227,28065,2683
7715000	28463,8792,13494,16939,2319,647,27927,7105,21533,28065,11790
7785250	11793,1031,18730,24978,3627,11196,201,8719,28230,19973
7787500	18180,12394,7542,27791,16754,23782,21336,3228,679,6724
7797000	17835,29547,12220,23779,17013,2257,16500,3390,14048,949,11196
7810250	2683,6672,26754,12168,15584,21336,22393,20425,14942,21930,8637
7830250	9817,3627,12220,2257,4731,3228,14451,17060,11196,6980,17237
7854500	16406,16110,19962,28463,15639,28924,14623,3308,4078,27501,527,7323
7860250	
7886000	11605,12055,29203,22484,27791,14182,20154,143,5086,25989,9472
7892000	11652,12068,28177,11679,24541,14887,13020,7542,12352,24196,8489
7893250	11793,12168,18196,15584,2683,11176,25733,360,18730,20425
7898750	21865,28463,8792,13494,16939,9486,27927,13554,9072,6352,26894
7918750	911,3228,2257,27458,5185,16944,11080,22505,28410,23779
7921500	4949,15138,11670,29203,2655,18624,6571,12352,22393,10329,22556
7927750	911,22393,29203,27791,13020,12431,24541,17405,21672,23928,26288
7976750	11196,7323,11052,16406,17013,16110,1293,12977,911,12394
8017000	789,13450,21336,18024,20846,27390,7208,5458,22749,15138,15096,22280,23284
8033500	21092,17405,14294,2683,7680,11328,18024,14153,22583,1547,2471,28653,6113
8040000	28059,22583,251,16463,22499,26883,12674,16939,911,2367,15138,17084,239,8257
8049000	12168,15584,28410,12220,22393,3627,11080,8637,15018,21110,22749
8051750	10404,2128,2683,7465,6988,22583,5086,20386,12352,9609
8060000	25733,10840,24669,1758,10726,19891,2669,993,20180,12586
8070000	2669,25733,18712,14580,12747,21336,26288,4078,993,3627
8072250	15138,11080,21659,14261,13097,7552,27791,18024,19699,16887,6098
8096750	9472,29203,15446,2257,18805,1428,14818,17835,24907,21336,24887,5267
8100250	21865,28463,8792,13494,16939,2319,4571,27927,9486,28065
8102000	26754,12168,22393,28410,12220,15584,14294,21092,11080,17405,768
8111500	8724,11052,19615,4949,14580,3228,12977,14930,15639,12220
8123500	11196,12287,21841,16821,7105,24780,26404,24886,9486,7868
8129250	21865,28463,8792,13494,16939,2319,13554,27927,4571,21533,18097,25733,7868
8145500	8689,7105,4078,5043,13020,9563,2655,15019,18990,27791,21883
8149250	17013,7105,17835,16110,27509,16500,23779,3390,11018,11396,11196,11679,2367
8156500	18180,7542,12394,27791,23782,5185,24194,3228,679,12271,8842
8160750	17835,29547,3228,12220,23779,17013,7105,2257,16500,3390,15308,18529
8163500	8724,19615,12352,11052,8689,19962,27791,3627,14580,8792,22621,26959
8170750	11670,4078,20846,5598,3627,28924,251,7323,2669,1533
8172250	
8195000	16406,12271,20846,25424,3719,14020,24601,2367,22179,7105
8215250	12394,16110,21657,1222,5957,11679,10999,7105,19394,679
8216500	8724,4949,1831,19615,12977,15446,251,14182,11052,12220,14159,22552,27791
8216750	28641,7560,20803,21336,679,4302,22027,15584,5652,2945,24281
8230750	11612,3627,11196,11176,8662,12394,16406,8689,19421,21067,24841
8243500	17835,29547,3228,23779,17013,7105,29095,2257,16500,16406,11196,11776,18075,24869,4479,4931,949
8248750	290,5470,12220,251,1831,14294,27791,16550,14261,8625
8271000	27625,28270,11196,3151,4571,11080,8689,7096,18075,12394,11280
8280500	18075,16540,2655,11080,2683,12754,24922,6880,14020,21110,16674,17972
8314250	17835,29547,12220,23779,17013,7105,2257,14048,3390,949,11196,27618
8324500	17606,29203,22393,2963,12352,18730,17823,679,8313,12674
8327250	
8346250	14153,12394,3228,7822,7868,27906,23793,7208,7560,13737
8353250	20803,2945,14482,14065,28924,12394,20386,7208,8313,27906,12285,16331,27205
8385000	17405,21092,14294,22126,2683,11328,18024,14153,1547,7620,18080,19217,7680,9111
8430000	6672,2683,15584,26754,12168,22393,21336,14942,21930,12352
8435250	21657,13020,16406,504,29203,15639,5285,20826,21706,4731,14261,16540,21067,7105
8508750	
8523250	5086,18736,28641,17214,6096,21659,11328,23782,5185,22319
8528750	1831,251,14182,22393,143,23143,10014,15269,22963,17060,16913
8529750	19974,27117,16406,15019,2655,2729,27791,15315,10176,5799,22583
8555500	12220,2257,4078,3228,17060,20846,21632,10893,20180,17431,29078
8573000	11679,25260,2257,10872,3228,21092,7465,26722,1547,13020,28049,6158
8617500	15019,17453,12394,12606,5470,15322,527,23475,11176,18075,11280,26619,27625,28270
8622000	11196,1831,12160,12132,14020,21865,251,1461,24898,20661
8628250	27092,21336,13390,5814,12747,14048,7061,10058,3458,19615
8633500	949,15584,19381,22027,12285,8662,25086,24831,14020,20207,5833,8148
8649250	14020,11679,27791,16110,3627,13390,20180,647,27785,11196
8666500	24978,3228,1008,3658,12352,2610,28270,3390,28463,12977
8701250	6096,21672,21911,201,12168,22732,25086,7868,5863,8689
8702500	17835,12220,17013,2257,16500,14048,11018,949,16406,4479,11196,23779,24780,29547,3390,7105
8730250	11652,24541,14887,12220,28059,24015,11196,3145,16913,15138,11679,12068,28453,28876,3228,911
8745250	14796,14065,12220,27791,14261,11000,13592,6880,29203,949
8757750	25733,11793,8719,2669,5185,21336,18624,360,24669,19891,18024
8792750	12220,2257,20127,3228,17060,4078,11196,569,20846,6980
8799750	22727,1222,14796,21865,21657,16939,9486,6880,27791,26722,12018,18024,20826
8822250	11196,7868,2198,6104,23779,647,7105,2655,18835,12394
8845250	11176,8662,5470,16550,18712,27791,1831,4949,12220,14153,12008,14020,18736,22484,28653
8848250	4571,24196,27791,17706,7827,993,11687,7868,12541,13450
8861500	21110,15138,18575,25596,2655,5429,18730,155,16672,18805
8869250	25086,20207,12168,3151,25240,2683,12394,3627,5863,18805
8909750	17405,20154,14294,4162,7620,7680,2683,22393,4443,11328
8910750	11196,14048,8767,15639,19379,21838,679,10741,12132,11329,12688,24929,26614,27514,5598
8940500	14580,1222,12747,16406,27791,15138,5429,21657,18024,12674
8949750	11196,11176,16009,29203,22889,7096,28410,26605,25424,11679,17438
8997500	2198,679,16463,9985,27683,13020,11176,6571,10176,25372
9015000	6672,9838,12352,13390,22393,20154,16406,20831,4949,23338
9035750	1831,29203,21657,13592,14020,7465,4220,4571,26341,23779,17977,20661,7850,9881
9039750	11652,17835,17013,29547,25372,16500,911,15138,12394,23779,11196,3228
9044750	15814,18879,14796,11679,28391,28641,16609,28653,18712,16110
9055750	3740,15584,27791,18990,143,29547,20184,12220,26619,10584
9069000	2683,251,25086,14294,2033,12977,14020,20207,12168,25596,19937,22393,28017
9076750	12220,10176,13020,14261,2257,21110,17060,8628,11175,11196
9079500	21865,28463,8792,13494,16939,2319,13554,27927,9486,4571,7868
9103250	2683,251,3720,1335,15138,5429,12674,22547,4938,14261
9121750	21865,28463,8792,13494,16939,2319,13554,27927,9486,21533,7868
9123500	15584,26722,26754,28410,25260,11080,8689,22393,22583,8637,12168,14694,18678
9163000	18805,251,18730,19973,14580,2891,27092,1831,4571,6505,6096
9173750	11052,3390,10872,3228,2257,29095,8689,6158,29547,24780,16110,16540
9179500	29547,3228,23779,17013,7105,2257,16500,14048,3390,11018,11196,17835,27637
9199500	11196,2683,911,12394,21110,11018,14580,15639,10268,1666
9202750	17405,21092,14294,2683,7680,11328,18024,25917,14153,7620
9212500	12220,13592,23928,8719,18730,6331,11022,28410,28230,15138
9215000	2683,22583,17640,21336,18196,2898,4220,2198,6918,12285
9244000	21865,28463,8792,13494,16939,2319,13554,27927,4571,21533,7868
9278500	20297,6672,5185,4452,11670,12352,23556,18024,4078,8389
9288000	26754,15584,3627,12168,28410,12220,22393,8637,21110,15018
9344000	17405,14294,25989,21092,7680,11328,2683,7620,22889,11196
9351750	10840,12747,10726,16550,647,19421,2655,22556,2610,7096,11080
9352750	25240,8689,27625,7868,25917,12606,12352,14020,1822,18730,17133,28759,6548
9394250	11652,17835,29547,12220,17013,911,15138,14580,12394,16500
9394500	2683,5443,18805,11679,527,18290,28463,3308,21092,5799
9420500	11080,12754,21110,28059,27791,27458,12220,11196,8943,4731
9436000	13020,14261,10176,24645,251,3384,25372,9620,3740,13450,504
9437500	26754,26722,28410,11080,8637,25260,15138,20297,8689,11465,489
9438000	9838,2683,29203,2128,7465,27117,26754,15446,13737,5086
9463750	28059,29547,16500,5086,15988,20846,23779,23187,2257,11329
9488750	
9512750	23623,7323,18805,13390,12977,18180,17060,18730,12285,18024,4239
9513250	23143,11793,13592,11679,22280,9912,5799,12162,360,3228,23928,9195
9586500	28463,8792,13494,16939,2319,27927,9486,21533,28065,7737,17401,8860
9592500	14580,12747,2257,16550,993,21140,22556,13103,6880,527
9628250	11196,6331,21336,22280,5334,29203,29547,10532,7105,5185,23779
9651250	2683,28410,8637,15584,20425,15019,12352,24844,15874,23143,1598,5639
9671750	15446,20180,14020,23857,4939,4571,2683,3536,16939,21533
9685000	2128,6571,15584,26006,9563,679,16939,27155,12352,18730
9694750	28177,11679,3228,3145,1831,28453,23143,10151,28616,9340,14550
9706000	15584,26754,8689,28410,15138,489,3390,22393,16603,14580,12168,20297,22094,23340,29099
9716500	11767,24486,15584,2683,3627,26722,26754,15138,11612,8689
9720000	10404,4808,14020,21110,23928,2963,2610,11679,599,7248
9782000	11176,29095,7542,12394,27791,12977,11196,21672,18730,13592,29364
9782500	26972,16624,11330,24669,13737,7356,15019,19421,2655,17706
9794000	21659,3390,16540,11679,2655,3627,12271,25372,11431,25733,642
9802000	22583,28059,11196,14020,16406,26464,3151,7963,26883,10151,5883
9807250	21865,28463,8792,13494,16939,2319,13554,27927,21533,7737,18905,7868
9811750	11679,4220,29203,22583,25372,1335,18730,2257,14266,4949
9839750	11793,21092,20154,13592,22280,7680,14182,1547,18024,18730
9842500	21865,5863,8327,2436,16939,21533,251,1222,6672,12977,10908,18805,25086,7380
9906500	21092,17405,20803,18024,7680,2683,7620,1547,3458,11196,23656,5185
9946250	7868,16406,2655,15934,251,5086,12352,14261,24601,4949,21865,26619
9972250	28059,22583,27117,26883,14020,16406,18075,16939,12394,2729
9973000	12394,27625,6096,12220,3627,476,2963,11176,27791,11328
9979000	25086,20207,26972,3720,16624,11330,2683,23662,4949,14153,251
9982500	15584,26754,12168,22393,12220,28410,8637,11080,21110,11176,542
10000250	4078,6148,5848,20846,12220,25372,15138,1831,19973,18741,17153
10018000	251,17400,14482,9471,1831,16609,14182,143,26464,15138
10047250	12160,3627,4571,22319,4220,16463,11790,24869,21110,2198
10052000	3228,4162,2683,23482,504,6980,21092,11196,6331,14451,22126,7680
10054250	9111,3627,12168,13737,21911,28653,10329,20386,12220,15315,1079,11159,19660,4667
10057000	3720,637,934,26722,622,12220,2899,2367,2655,26619
10063000	2683,25086,251,14294,14020,2033,11573,28370,29547,3627,10893,14930
10064500	2128,7465,2257,13737,679,11679,10680,25372,21672,5086
10069500	21865,28463,8792,13494,16939,2319,27927,9486,7105,21533,10740,15322,18519,4571
10095000	16110,21657,5957,11679,5470,7105,19394,504,5285,679,14261
10112000	3627,21094,28184,16939,8689,14580,679,28653,15584,2655
10119250	21865,28463,8792,13494,16939,2319,13554,27927,9486,4571
10185000	21865,28463,8792,13494,16939,2319,27927,9486,7105,21533
10185750	26754,29203,26722,18491,6548,22547,1461,21067,2826,15672
10212500	679,14261,3627,27791,25733,29203,12352,12431,26523,16110,12927,24081,24788
10224750	11196,12220,6158,24015,2367,29203,27625,14294,9111,4949,1481
10229250	12168,3151,25240,12394,11465,9242,22319,10136,23284,15159,8689
10234000	10329,27683,13390,18575,3135,554,3384,25329,22732,12078,10970,28653,3719,4039,9111
10257500	22393,7680,25372,4949,7963,679,6672,21092,11176,22126,10893
10261750	12394,16110,5957,5470,10999,504,679,2655,24929,11080,1222,14261,14533,17061,19394,21657,28270
10264750	22393,2574,27791,20180,11196,12541,2826,7868,4731,14261
10297000	949,26288,19974,25917,22583,3151,14020,12606,15138,4479,18075,25058,27056
10302500	12220,14261,9688,27791,29203,11000,13592,6880,2257,911,14065,26087,2626,28164,6630,7409
10309250	1831,22393,251,23143,14182,10014,143,22963,15584,2898
10312750	554,20207,1031,25086,2683,201,11176,251,11328,15639,12352,20367,3627
10322250	28653,11176,22317,1758,11328,4078,504,637,3181,15019,5185
10393750	21865,13494,28463,8028,9486,2319,13554,16939,7105,28065,2437,29265,3438
10401500	21865,28463,251,16939,2683,9486,14266,1831,527,4571,12189,22950,27791
10443000	22280,11080,28410,20803,360,7620,14182,7680,3458,7323,19466,23628
10477000	11196,25733,4324,5267,14153,18805,7868,2128,4571,3228
10492250	28463,8792,13494,9486,15584,27927,2683,21533,7737,9899,11061,20045,24984,26464
10513000	16550,7868,12394,9486,28466,21092,8637,16323,12475,15138
10521000	21865,28463,8792,13494,16939,2319,13554,27927,4571,21533
10533750	16110,21657,1222,5957,5470,11679,10999,19394,5285,504,14261,24601
10539250	17606,29203,22393,15138,2963,18730,12352,8313,2729,13020,14020,1461
10546500	2683,26722,12352,2257,8637,20679,12220,12394,11080,24385
10566000	21865,28463,8792,13494,16939,27927,4571,21533,28065,2683
10578000	25733,2669,21336,19891,2963,4078,18805,26288,23338,1831
10588000	12168,29203,22393,18730,7963,25733,993,18075,3151,22547,15138
10592000	2128,2683,18002,5470,5086,10680,27625,16550,21632,29203,1335
10592750	10726,2373,24669,28065,24984,21110,14942,25372,24869,28621
10598500	2683,7465,5470,3228,25372,27625,4220,27791,12977,14261
10609250	4078,789,12977,12220,4324,28992,28065,2128,5848,20037,8693
10619000	27791,11176,16624,14902,21067,29095,11465,21672,20555,29203
10628500	22393,5814,8313,7560,15584,1962,5598,14065,5094,25329,13784,18736,21336,23549,27117,27791,398,4039,5652,7045
10642000	16406,12394,8662,14902,29095,949,2683,14153,12977,12352,20536,7576
10653250	14020,6331,13450,27791,11022,14266,15639,22280,10532,2826
10654750	9486,13793,504,14580,22168,1831,22029,6290,20184,11849
10696000	17405,21092,14294,2683,11328,7680,18024,7620,1547,22889,11022,14887
10713250	3627,251,19431,29547,27791,5429,11080,15138,12674,19973
10715500	27791,4731,14261,5429,15138,3720,11080,18292,4938,12674
10756500	15672,4949,251,16624,27155,23662,27509,3627,19421,6148
10768750	2683,12352,8689,15631,11465,1831,8637,25329,4949,7868,19993
10773000	4949,11052,27791,28017,25260,3228,12175,11573,14580,21672,2257,9486
10774750	21865,251,18805,27544,21091,14486,28621,1831,11196,2683,1577
10790500	29547,11196,16110,14261,23779,17400,2367,10872,14580,2568
10799000	
10816000	3228,12977,12394,290,16406,12352,17748,21110,16550,27791
10818500	16110,1222,11679,21657,22489,29203,22280,5285,504,15315,23779,5334
10831750	1666,22393,21110,28631,18024,504,26655,2257,20803,14182,5640
10840750	11196,14261,16110,14580,2367,23779,11679,3390,10999,11080
10845500	21565,6203,22393,11176,20803,8689,11196,16406,8193,16110
10885750	7868,16406,14294,5086,2655,3719,11790,25733,14580,12435
10915250	3740,14261,21919,2655,24869,25372,11679,3228,25733,12431
10927500	
10933250	12352,9620,12220,993,29203,5267,14020,8662,12394,9549
10944750	2257,20127,12220,3228,14451,11196,10916,569,17060,6980,25372,28752
10966250	20207,25086,12168,3627,3151,25240,2683,993,12394,18805,8689
10972250	6331,11196,29547,26728,7105,9486,24385,14261,24541,1831
10976250	11196,28059,16609,7560,28641,5429,26883,14294,2257,20425
10979500	
11022500	26754,4078,414,28270,16420,18805,24977,21336,12541,8689
11032250	22484,9111,15019,2945,10970,21372,3555,29490,12394,2128
11046750	21110,29203,20803,14020,6880,24193,679,1962,18805,9620
11078500	25733,2669,5185,19891,21336,26288,23779,4078,1831,20846,9275
11111500	1831,14182,251,22950,23143,10014,143,11201,20184,22963,27791
11114000	12220,2257,20127,4731,4949,23774,3228,8689,17060,11196,25372
11121500	22094,12168,13737,10329,20386,12220,3627,15315,14020,5876,13049,15799
11129250	10840,12747,10726,19421,2891,16550,2655,2610,7096,10171
11131750	27135,10840,16110,11176,13450,11080,8792,28924,22889,20425
11137750	6352,8193,18024,4949,11196,17958,9340,10151,24977,259,19891
11141500	14796,11679,11263,28641,28391,7868,2367,679,14242,14294
11142000	6672,15639,14942,24601,13891,14020,8637,4949,28463,24196,17407
11158000	21865,28463,13494,16939,2319,9486,21533,28065,2683,9899,21930,239,7868
11167500	
11169500	22393,9549,2683,25346,28621,1962,20411,18730,25329,27791
11220500	11263,28641,14294,7560,20803,21336,15584,22027,5652,2945
11225500	14294,21092,20154,17405,22393,2683,7680,7620,504,5712,24869
11283500	2128,11196,7465,17835,2257,19668,11679,12394,13737,679
11300000	25329,7323,2128,16110,7624,21715,7096,14917,12220,21919,2963
11307500	2198,23407,29490,23538,6571,647,2128,21862,2655,10584,12068,20300
11313000	17835,29547,12220,2257,16500,23779,3390,14580,24601,8676,11196,17013,27406,7456
11321750	11196,6096,25372,23779,1031,7105,27791,14182,22393,3627,7997
11339250	2683,26722,12352,12220,21110,11080,12394,4571,23284,19962
11340250	2683,4479,398,17640,4220,4949,6352,12220,8278,11196,14294
11352000	11793,22280,4479,14580,12747,8719,19421,2610,2891,9912
11362000	27670,12162,17823,28992,2128,12977,14020,911,29490,20386,10240,8693
11391250	12977,16110,18730,19962,28631,14294,23623,9985,8689,1962,28924
11397250	3032,25372,3228,2128,8689,22359,26736,21110,29084,22179
11434750	11176,11080,13450,13390,18843,6672,28631,4949,16009,28924,7071,9985
11440500	16110,10014,13020,1222,21657,24645,21067,3384,10999,25372,2179
11493000	21865,28463,8792,13494,16939,2319,13554,27927,9486,4571,12453,22727,7868,9072
11494250	17835,29547,3228,12220,23779,17013,7105,2257,16500,14048,11196
11496750	20297,3228,7096,12220,2128,14020,11679,5043,12394,17748
11503250	11767,25260,2683,27791,6571,14261,10014,15584,9838,29084
11527500	14294,1831,14182,251,7620,20154,2683,4443,10014,1962
11535250	8724,4949,28017,12977,16110,23103,25260,3228,27791,12352,16463,2257
11535500	17835,29547,12220,3228,23779,17013,7105,2257,16500,14048
11552750	1831,251,14182,143,23143,10014,22963,679,22280,5185
11558000	2257,20127,12220,3228,21632,17060,11196,6980,10893,569,749
11564250	16821,18180,7542,12394,27791,3390,2198,23782,647,3228,14969,25483,6104
11579750	17835,29547,3228,12220,23779,17013,7105,2257,16500,14048,12688
11590500	7096,21865,4003,28463,8792,13494,16939,9486,8327,27927,17512
11601500	14580,12747,251,16463,15159,22556,20207,993,14261,19514
11612500	28059,1335,16406,26883,22499,6148,4949,11176,7868,19973,5848
11613500	21865,28463,8792,13494,16939,2319,13554,27927,9486,4571
11616250	20979,23779,18575,2655,25687,4949,25372,5429,11080,155
11625250	28653,7465,18730,10176,10970,4731,19615,9111,9549,11176,18990,21628,28017,3740
11631250	12688,29078,27625,20180,5848,4949,12220,20846,17455,18075
11632250	2683,14294,17405,7465,15934,7620,5086,21092,1547,18002,25022
11646500	17405,21092,14294,2683,7680,11328,7620,2471,1962,1547
11683250	14020,12352,12220,16939,2683,7105,19421,21865,11196,7560,12541
11687000	3627,25086,20207,12168,3151,25240,12394,2683,5863,12352,8689
11701500	11263,25346,28641,14294,4731,14482,19891,13020,16331,1756
11711250	5896,28463,6331,4078,20484,10247,26523,2128,25260,22280,10866,1392,23861,24942,6175
11716000	
11730000	7323,9111,12977,28924,19962,11196,28631,2669,16110,15639,13390,21565
11734000	14796,14065,12220,29203,27791,9688,11000,13592,6880,911
11737250	14261,28463,13554,10404,12220,24942,16243,27791,2610,11679
11747250	4949,11176,14265,11196,16110,16406,12674,18575,12977,21672,11244
11751000	12220,3720,21865,16463,2367,26619,23284,2655,27791,4078
11761750	3627,9111,15405,12068,7868,11329,21865,15138,15631,15934,554
11772000	11080,27155,27791,26699,5655,14261,28270,14120,20595,949
11782250	20207,8662,14902,12394,11176,4775,251,4949,11196,29095
11794250	2128,2683,7465,28631,23623,21672,10680,22583,25372,18730
11847750	25329,21110,21372,27625,11196,4220,25917,4571,18075,24628
11874000	2128,11196,7465,2683,12394,13737,25372,5598,21911,10680,12220,13844,18180,4220
11894500	28059,22583,3151,27117,16406,15019,26883,2655,18075,22499
11896000	16110,11652,911,11196,14261,17438,10268,8689,24869,25488
11923000	11652,7323,11052,11196,16406,16110,17013,17748,29095,911
11936000	2683,22583,20803,17640,21110,21336,4443,12285,12394,6352
11939000	8724,4949,12977,16110,11052,25260,26722,29547,14580,3627
11947000	10840,14580,10726,2891,12747,16550,19421,2655,12220,7096,11080,13103,16865,23482,6505,9522
11949750	25415,24060,3390,7868,2471,21092,11196,14294,27791,24461,2198,5403
11957000	4808,16110,1222,19421,11730,7105,11080,21067,2610,11679,16818,23907
11972750	8689,16821,15159,27407,24060,12220,13737,12394,12287,27785,15631,21693,4846,7260,7936
11984750	19993,4949,11612,14294,25820,11679,13891,11328,16217,12220,251,3627
12004000	13390,27791,15686,11679,16110,11196,3627,14266,504,29203,15307,5081
12008000	16110,21657,1222,5470,11679,5957,19394,7105,2655,5285
12015000	28059,22583,16406,26883,14020,12394,22499,16939,18075,18292,7552
12015250	10840,14580,12747,19421,10726,2891,16550,2655,2610,2257
12016750	9111,10329,504,10970,18575,28975,3719,26754,21565,14153,18741,28653
12027000	
12028500	17835,29547,3228,12220,23779,17013,7105,2257,16500,14048,11196,13390,21392
12061000	17405,21092,14294,22393,2683,11328,7680,14153,7620,1547
12065000	18024,23662,18805,11080,28992,1831,25488,4571,26523,12394,12453
12142750	5799,414,25556,14942,21092,6672,7248,23774,18736,28463
12154500	21865,28463,13494,26608,16939,9486,2319,10014,6352,21533,17640,2568,7868,8689,9471,9549
12173500	20207,2683,12352,1031,4949,25086,11176,201,21796,6246,1325,15405,28184,3627,554,9817
12204750	20803,5598,12394,5848,16540,13020,15661,12285,5403,15138
12215000	23284,21865,13494,2683,251,8996,16939,7208,21533,4571,6672,8637
12229000	11080,14580,993,4694,21672,20158,12352,13070,18805,7611,12588,17389
12231250	12168,11767,24486,25260,3228,2683,16110,15935,143,14580
12234750	12220,2257,20127,4949,3228,8689,17060,21092,13592,11196,21632,29465
12239250	911,20180,24541,18624,21657,27791,16110,155,12431,12977,20519,26288
12275500	14482,7868,4162,21336,14182,7620,20846,21094,4443,10106,21930
12331000	27791,12394,23793,6096,7611,7822,3228,4220,14887,13737,18180,7542
12337750	11793,21110,8313,21336,23781,15405,7061,5799,414,17214
12371000	11176,5470,8662,2683,27791,290,3228,12220,2610,16550,12394
12377250	12168,15631,27407,22393,18805,29203,18730,22319,28621,12352,14020,18075,3151,5799
12384250	12394,6096,14470,679,14020,4052,18544,14902,2683,10176
12386500	7868,2963,2945,11080,25086,8689,11679,4709,11328,679,2367
12388250	28059,23878,18180,7868,15315,7611,15584,527,22027,155
12417500	25086,20207,12168,3151,18805,25240,22319,12394,2683,5863,17959,7963,8689
