10000250,17153
10052000,22126
10052000,7680
10054250,1079
10054250,11159
10054250,19660
10054250,4667
10063000,10893
10063000,14930
10069500,10740
10069500,15322
10069500,18519
10069500,4571
10095000,14261
10212500,12927
10212500,24081
10212500,24788
10224750,1481
10229250,8689
10234000,10970
10234000,28653
10234000,3719
10234000,4039
10234000,9111
1025250,13247
10257500,10893
10261750,1222
10261750,14261
10261750,14533
10261750,17061
10261750,19394
10261750,21657
10261750,28270
10297000,18075
10297000,25058
10297000,27056
10302500,14065
10302500,26087
10302500,2626
10302500,28164
10302500,6630
10302500,7409
10312750,12352
10312750,20367
10312750,3627
10322250,5185
10393750,2437
10393750,29265
10393750,3438
10401500,12189
10401500,22950
10401500,27791
10443000,19466
10443000,23628
1046250,27791
10492250,11061
10492250,20045
10492250,24984
10492250,26464
10533750,14261
10533750,24601
10539250,14020
10539250,1461
10588000,15138
10592000,1335
10609250,8693
10628500,13784
10628500,18736
10628500,21336
10628500,23549
10628500,27117
10628500,27791
10628500,398
10628500,4039
10628500,5652
10628500,7045
1063000,22280
1063000,28481
10642000,20536
10642000,7576
10696000,11022
10696000,14887
1074500,16602
1074500,9567
1074750,10171
1074750,11080
1074750,11904
1074750,12747
1074750,3699
1074750,527
10768750,19993
10773000,2257
10773000,9486
10774750,1577
10818500,23779
10818500,5334
10831750,5640
1086750,1084
1086750,18977
1086750,7868
10944750,25372
10944750,28752
10966250,8689
11078500,9275
1110750,12426
1110750,20578
11111500,27791
11114000,25372
11121500,13049
11121500,15799
11137750,19891
11142000,17407
11158000,21930
11158000,239
11158000,7868
1118250,24306
1118250,26665
1118250,8278
11225500,24869
11300000,2963
11307500,12068
11307500,20300
11313000,11196
11313000,17013
11313000,27406
11313000,7456
11321750,7997
11340250,14294
11362000,10240
11362000,8693
11391250,28924
1140750,12541
1140750,22313
11434750,7071
11434750,9985
11440500,2179
11493000,12453
11493000,22727
11493000,7868
11493000,9072
11494250,11196
11535250,16463
11535250,2257
11558000,749
11564250,14969
11564250,25483
11564250,6104
11579750,12688
11590500,17512
11612500,5848
11625250,18990
11625250,21628
11625250,28017
11625250,3740
11632250,25022
1165500,15423
11683250,12541
11687000,8689
11711250,10866
11711250,1392
11711250,23861
11711250,24942
11711250,6175
11730000,13390
11730000,21565
1173500,15661
1173500,20037
1173500,20143
1173500,5848
1173500,8049
1173500,8257
11747250,11244
11761750,554
1181250,23284
11874000,12220
11874000,13844
11874000,18180
11874000,4220
1189000,16361
1189000,23612
1189000,27615
11947000,11080
11947000,13103
11947000,16865
11947000,23482
11947000,6505
11947000,9522
1194750,25366
1194750,4059
1194750,7400
1194750,83
11949750,2198
11949750,5403
11957000,16818
11957000,23907
11972750,15631
11972750,21693
11972750,4846
11972750,7260
11972750,7936
11984750,251
11984750,3627
12004000,15307
12004000,5081
12015000,7552
12016750,18741
12016750,28653
12028500,11196
12028500,13390
12028500,21392
12065000,12453
12154500,17640
12154500,2568
12154500,7868
12154500,8689
12154500,9471
12154500,9549
12173500,1325
12173500,15405
12173500,28184
12173500,3627
12173500,554
12173500,9817
12215000,6672
12215000,8637
12229000,12588
12229000,17389
12234750,21632
12234750,29465
12239250,20519
12239250,26288
12275500,21930
12331000,18180
12331000,7542
12371000,12394
12377250,14020
12377250,18075
12377250,3151
12377250,5799
12386500,2367
1240250,2160
12417500,17959
12417500,7963
12417500,8689
1244250,1691
1244250,4324
1247000,25635
1324500,27927
1324500,5336
1324500,6305
1324500,7868
1338750,12586
1338750,845
1365000,13737
1381000,17958
140500,14625
1446250,7105
145750,24242
145750,3847
1525000,11196
1525000,2257
1528500,12977
1528500,22749
1528500,23774
1528500,28370
1528500,5799
1531250,22179
154500,10353
154500,18805
154500,5863
154500,8689
1579250,21160
1579250,4953
1617250,11951
1617250,18002
1617250,28463
1620500,23735
1620500,5833
1622500,19179
1622500,22027
1622500,8148
1629250,18024
1629250,19891
1688750,12220
1699500,16716
1699500,24715
1710500,14780
1724250,15269
1724250,23198
1724250,3228
1727500,4452
1727500,7812
1758250,28463
1767500,20180
1767500,27977
1782250,155
1782250,18024
1792000,6203
1793250,2033
1806750,26394
1812000,11196
1832000,25687
1838750,16818
1906000,12220
1906000,2438
1906000,2683
1906000,9532
1909250,10014
1909250,14209
1909250,20516
1909250,23470
1909250,24645
1909250,504
1909250,6326
19500,19421
19500,20551
1953250,12394
1953250,14020
1953250,25289
1953250,2610
1953250,3658
1966250,25260
1966250,3228
1969000,12220
1969000,18002
1971500,25329
1971500,7096
200250,12352
200250,9620
2033500,11176
2033500,11465
2033500,3627
2033500,4949
2033500,8689
2050000,26866
2076000,24886
2078000,14902
2078000,17449
2088000,10949
2088000,2198
2103250,12394
2103250,7567
2168250,13494
2168250,7868
2182750,19643
2187500,23628
2187500,27394
2187500,6158
2198750,13054
2200750,12674
2200750,18741
2200750,24506
2232500,679
2251750,23549
2316250,26288
2316250,9657
2316250,9688
232000,21865
232000,7868
2331750,22126
2331750,7179
2331750,953
2364500,21865
2378500,18937
2378500,23774
2378500,3228
2386250,1008
2386250,7061
2386250,948
239250,28481
2492500,19005
2492500,20979
266500,10282
267250,10690
267250,2367
2704750,3658
2704750,5764
2752000,12243
2752000,22179
2752000,3032
2771250,12606
2771250,14694
2771250,2513
2797750,28270
2807500,1010
2807500,1015
2807500,12688
2807500,27117
2807500,3817
282500,12055
2870250,14020
2870250,17606
2870250,4003
2874500,10840
2874500,7868
2882750,29225
2882750,4452
2891500,2257
2891500,255
2891500,3627
2891500,4949
2891500,8027
2891500,819
2891500,8724
2920750,22359
2920750,23407
2921750,143
2921750,27791
2940000,11767
2940000,12168
2940000,12220
2940000,24486
2940000,25086
2940000,25260
2940000,26722
2940000,2683
2975500,14902
2975500,16406
2975500,19745
2975500,5086
2988000,15828
2988000,22482
3009000,22393
3009000,27117
3009000,5627
3009000,8724
3010000,13975
3014750,7868
3031750,11263
3031750,16110
3031750,18131
3031750,21565
3031750,7323
3035250,11080
309750,15365
3114000,20536
3114000,23928
3148500,12795
3148500,14894
3148500,16217
3148500,27346
3149000,9486
3149000,9804
3188000,9567
3211250,11076
3211250,12431
3211250,17706
3211250,27155
3211250,6148
3249250,2513
3282250,11857
3288250,5592
3293750,25193
3293750,26523
3304500,13554
3304500,17228
3304500,17512
3304500,18086
3304500,22269
3304500,24461
3304500,25169
3304500,29099
3304500,3592
3304500,3804
3304500,4931
3310750,15432
3317500,3032
3326250,9479
3344750,17748
3344750,18290
3344750,28463
3344750,3313
3344750,5310
3344750,7542
3350250,1672
3350250,18736
3350250,24765
3350250,25420
3350250,3384
3404000,18273
3404000,22246
3404000,29
3404000,3627
3404000,6246
3404000,8446
3404000,905
3511000,14020
3520000,14415
3520000,1700
3520000,23928
3524750,26871
3581250,22126
3581250,23482
3588500,21336
3588500,530
3592750,14694
3625250,26614
3625250,5625
364250,11679
3644250,16406
3644250,18843
3644250,29473
3644250,4381
3644250,4775
3644250,7127
3675000,1565
3684750,16754
3719250,4960
3723750,12271
3723750,4078
3742000,26168
3787750,2610
3787750,26969
3795000,29099
3799500,21768
380000,14174
380000,22094
38250,10051
38250,14265
3846250,11882
3846250,23143
3861500,20470
3861500,7868
3903500,1392
3913250,8409
3913250,8689
3913250,9230
3913250,9242
3913250,9948
3954500,15584
3963750,11330
3963750,13737
3963750,3809
3963750,4949
3981750,27791
3981750,6520
4004500,19686
4047000,29446
4054000,11304
4054000,24088
4054000,9090
4059500,16463
4063000,19974
4073250,27415
4102750,20585
4115500,6731
4133750,14451
4133750,25372
4133750,27638
4153000,21865
415500,554
417250,12068
4184250,11196
4184250,14020
4184250,23928
4184250,241
4184250,4949
418500,18002
4195500,20456
4195500,7737
4215750,23928
4256500,2410
4257000,27625
4259500,15315
4259500,29099
4304250,7868
4317250,22029
434750,16972
434750,19394
434750,21911
434750,27511
434750,4571
4370750,1666
4376250,15631
4376250,21225
4376250,27407
4376250,8689
4378500,16100
439000,12287
439000,16821
439000,2198
439000,24060
439000,25415
439000,26404
439000,3362
439000,6104
439000,7868
4399750,23207
4423500,24193
4423500,4147
4454500,15019
4454500,27117
4475750,13592
4475750,3719
448250,15911
4503500,24193
452750,14796
4533750,4324
4625750,22321
4625750,26000
4658500,10948
4658500,17453
4658500,25917
4658500,27625
47000,23549
4712250,20902
4716750,2683
4716750,29202
472000,23584
472000,25333
472000,3515
472000,6211
4770500,10404
4770500,6988
4770500,9165
4782250,10778
4782250,9658
4844000,12899
4844000,15934
4844000,24196
4852500,11665
4852500,16500
4852500,24541
4852500,26288
4852500,911
4876750,949
4886500,17640
4895250,15423
4902250,23628
4921000,23549
4922750,18024
4922750,2669
4967250,12431
4967250,6101
4967250,7868
5011500,11196
5011500,22280
5011500,23013
5011500,23779
5012750,2208
5012750,7963
5024500,12977
5034000,7465
5037000,14796
5037000,21140
5052000,7868
5059000,9195
5078750,18990
5078750,25669
5108000,15094
5108000,29203
5108000,29547
5108000,4254
5139250,11080
5143250,14482
5143250,23549
5143250,26394
5143250,26614
5143250,6287
5155750,24669
5170500,6096
5187750,1481
5220750,28438
5220750,8689
5226250,15907
5226250,8689
5226500,3627
5226500,7868
5238000,15018
5238000,21833
5238000,2683
5239500,14153
5248750,27035
5248750,28924
5254500,7868
5256500,20679
5256500,3775
5256500,614
5261000,15308
5261000,1591
5261000,21581
5264500,27791
5279750,20386
5279750,2368
528250,155
528250,8693
5292000,8643
5293250,20506
5293250,679
5354000,20180
5407750,6352
5440750,19862
5440750,20045
5491500,18024
5491500,25212
5491500,9472
5539250,7868
5642000,10726
5654000,29231
5654000,5896
5655250,11196
5697750,2367
5726500,17244
573000,16653
573000,18868
573000,19615
5742000,19523
5742000,5593
5751500,14873
5754500,3954
5754500,8307
5769750,24503
5780000,11022
5780000,15315
5780000,15811
5780000,17061
5780000,17214
5780000,17959
5780000,21336
5780000,22313
5780000,22529
5780000,5814
5780000,7061
5812000,19993
5812000,2683
5846250,18200
5846250,1831
5865750,10268
5865750,3228
5901250,14575
5910250,28525
5915250,15138
5915250,2367
5952250,5067
5957500,24966
5959000,14153
5959000,14242
5962750,16800
5962750,27446
5962750,5803
5962750,9563
5968250,16406
599750,20297
599750,9657
5999000,26523
6003750,15414
6003750,23013
6003750,7737
6003750,8792
6061250,10893
6061250,16463
6061250,22359
6099250,11823
6099250,13244
6126750,25117
6150750,15831
6150750,18185
6155250,15661
6155250,4220
6155250,7850
6172000,24704
621500,2683
621500,29099
6233750,10584
6233750,18180
6233750,3458
6233750,4220
6234000,17020
6234000,18051
6234000,21372
6234000,4220
6247250,15814
6257000,23563
6257000,23628
6258500,12068
6272000,12055
6272000,17400
6272000,2803
6301250,11543
6301250,574
6301250,8226
6301250,8637
6380000,24459
6400000,15258
6400000,2452
6400000,3313
6412250,7260
6458500,8637
6497000,20747
65500,5443
65500,6152
6564500,11176
6564500,11612
6564500,12977
6564500,14902
6564500,16406
6564500,26576
6571000,12162
6571000,4254
6571000,5470
6571750,16540
6571750,9193
6683750,29203
6694750,14020
6694750,24196
6713250,1758
6713250,18879
6713250,2367
6713250,24344
6713250,27625
6713250,5185
6751750,16243
6751750,3068
6766250,27791
6766250,4307
6780500,10893
6807250,22393
6848750,21336
6848750,8689
6849750,2199
6849750,6757
6874250,12168
6874250,14265
6874250,15584
6874250,18805
6874250,2683
6874250,28410
6874250,8637
691500,22664
6921750,19197
6957500,16722
6957500,22029
6998500,1031
7002750,1481
7103000,15019
7103000,5574
711500,11052
711500,17118
711500,26722
711500,4709
7116750,10308
7116750,14930
7143250,10702
7143250,217
7143250,22087
7143250,7613
7163250,17748
7184500,10193
7184500,28463
7184500,7868
7190750,27791
7211250,23656
7218000,11201
7218000,15859
7218000,21936
7218000,22317
7269250,20578
7269250,23295
7269250,24571
7269250,2729
7269250,27791
731750,11196
731750,15924
731750,7692
731750,9195
7320250,26728
7322250,23861
7345250,2750
7367000,15686
7367000,21336
7367000,21975
7375000,11201
7435500,27950
7445000,18075
7450000,14261
7450000,29202
746000,155
746000,21865
7476250,1037
7588000,28653
7588000,28975
7600250,3228
7657250,29445
7657250,7997
7687500,14498
7699500,11793
7699500,14182
7699500,18730
7699500,8719
7699500,9802
7715000,11790
776750,18388
776750,26699
776750,2963
776750,3228
7797000,11196
7810250,8637
7830250,17237
7854500,527
7854500,7323
7886000,9472
7892000,8489
7898750,26894
791500,24831
791500,3627
7921500,22556
7927750,26288
799000,27791
8017000,15096
8017000,22280
8017000,23284
8033500,2471
8033500,28653
8033500,6113
8040000,15138
8040000,17084
8040000,239
8040000,8257
8049000,22749
8072250,6098
8096750,24887
8096750,5267
8102000,768
8129250,18097
8129250,25733
8129250,7868
8145500,21883
8149250,11196
8149250,11679
8149250,2367
8156500,8842
8160750,15308
8160750,18529
8163500,22621
8163500,26959
8216500,14159
8216500,22552
8216500,27791
8216750,24281
8230750,24841
8243500,11196
8243500,11776
8243500,18075
8243500,24869
8243500,4479
8243500,4931
8243500,949
8271000,11280
8280500,16674
8280500,17972
8314250,11196
8314250,27618
832250,22963
832250,27791
835000,11734
835000,14048
835000,16722
835000,19632
8353250,12285
8353250,16331
8353250,27205
8385000,18080
8385000,19217
8385000,7680
8385000,9111
8435250,14261
8435250,16540
8435250,21067
8435250,7105
847750,28169
848500,7286
8528750,16913
8529750,22583
854250,9881
8555500,29078
8573000,28049
8573000,6158
8617500,11280
8617500,26619
8617500,27625
8617500,28270
8633500,5833
8633500,8148
8702500,11196
8702500,23779
8702500,24780
8702500,29547
8702500,3390
8702500,7105
8730250,11679
8730250,12068
8730250,28453
8730250,28876
8730250,3228
8730250,911
8757750,18024
8799750,12018
8799750,18024
8799750,20826
8845250,12008
8845250,14020
8845250,18736
8845250,22484
8845250,28653
887750,15019
8910750,12688
8910750,24929
8910750,26614
8910750,27514
8910750,5598
892500,17180
892500,23403
892500,239
8949750,17438
9035750,17977
9035750,20661
9035750,7850
9035750,9881
9039750,11196
9039750,3228
9069000,19937
9069000,22393
9069000,28017
9079500,7868
9121750,7868
9123500,12168
9123500,14694
9123500,18678
9163000,6096
9173750,16110
9173750,16540
9179500,11196
9179500,17835
9179500,27637
9244000,7868
9351750,11080
9352750,17133
9352750,28759
9352750,6548
9436000,504
9437500,489
9512750,4239
9513250,23928
9513250,9195
9586500,17401
9586500,8860
9628250,23779
9651250,1598
9651250,5639
9694750,14550
969750,17823
9706000,12168
9706000,20297
9706000,22094
9706000,23340
9706000,29099
9782000,29364
9794000,642
9802000,5883
9807250,18905
9807250,7868
981000,11176
981000,12394
981000,27160
9842500,10908
9842500,18805
9842500,25086
9842500,7380
984500,2513
9906500,23656
9906500,5185
9946250,21865
9946250,26619
9979000,251
9982500,542
